function f = dkdT(T)

    Ea = [ 71.42,  0.600;...
           26.32,  20.23;...
           15.21,  78.25;...
               0,      0;...
            1.23,      0;...
            3.44, 231.86;...
           -2.08,      0;...
               0, 496.14;...
               0, 433.09;...
             5.8,      0;...
          100.14,      0;...
          207.62, 214.74];
      
   n = [ -0.7,  -0.26;...
         2.67,  2.63;...
         1.30,  1.19;...
         -1.4,  0.44;...
            0,     0;...
            0,  0.36;...
            0,     0;...
           -2, -1.75;...
           -1, -0.65;...
            0,     0;...
         0.61,     0;...
         -1.9, -1.39];
      
    
   A = [ 3.52e16,  7.04e13;...
         5.06e04,  3.03e04;...
         1.17e09,  1.28e10;...
         5.75e19,  4.65e12;...
         7.08e13,        0;...
         1.66e13,  2.69e12;...
         2.89e13,        0;...
         4.00e22,  1.03e23;...
         1.30e18,  3.04e17;...
         3.02e12,        0;...
         1.62e11,        0;...
         8.15e23,  2.62e19];

    R = 8.314;

f = (A.*(T.^(n-2)).*exp(-Ea/(R*T))).*(n*T + Ea/R);


end